zulu alpha
10 20 30 40
10 20 30 40 50
alpah alpha
20 30 40 50 60
30 40 50 60
quebec alpha
30 40 50
30 40 50
xray alpha
40 50 34 34
40 50 60 70
sierra alpha
50 50 50 50 50
50 50 50 50 50
whiskey alpha
60 60 60 60 60
60 60 60 60 60
charlie alpha
70 70 70 70 70
70 70 70 70 70
delta alpha
80 80 80 80 80
80 80 80 80 80
echo alpha
90 90 90 90 90
90 90 90 90 90
victor alpha
100 100 100 100 100
100 100 100 100
foxtrot alpha
11 12 13 14
11 12 13 14 15
romeo alpha
12 13 14 15 16
12 13 14 15 16
bravo alpha
13 12 11 10 9
13 14 13 14 15
golf alpha
14 24 34 44
14 34 54 74 94
tango alpha
15 51 14 41 13
15 31 41 14 15
november alpha
16 17 19 21 23
16 23 21 19 17
hotel alpha
17 97 87 77
17 100 27 95 30
yankee alpha
18 72 35 65 100
18 72 35 65 100
mike alpha
19 44 56 50 50
19 78 78 75 75
juliet alpha
20 30 40 50 60
20 30 40 50 60
uniform alpha
21 31 41 51 61
21 61 52 43 34
kilo alpha
22 44 88 99 100
22 58 25 78 100
india alpha
23 77 35 65 80
23 10 13 33 3
lima alpha
24 42 68 86 50
24 50 84 9
oscar alpha
25 20 24 27 28
25 28 27 26 43
papa alpha
26 67 89 10 23
26 45 46 38 90